/* Poisson log-normal Mark-resight */
/* Closed Resightings – No Covariates */
/* 6 occasions, 8 groups */
/* Begin Input File */

010101010101 1 0 0 0 0 0 0 0 ;
+0+00101+0+0 1 0 0 0 0 0 0 0 ;
+0+0+0+0+0+0 1 0 0 0 0 0 0 0 ;
+0+0+0+0+0+0 1 0 0 0 0 0 0 0 ;
+00101+0+001 1 0 0 0 0 0 0 0 ;
+0+00101+0+0 1 0 0 0 0 0 0 0 ;
+0+0+001+001 1 0 0 0 0 0 0 0 ;
+0+001+0+0+0 1 0 0 0 0 0 0 0 ;
010101+0+0+0 1 0 0 0 0 0 0 0 ;
+0+0+0+0+0+0 1 0 0 0 0 0 0 0 ;
+0+001+0+0+0 1 0 0 0 0 0 0 0 ;
+0+0+0+001+0 1 0 0 0 0 0 0 0 ;
+001+001+0+0 1 0 0 0 0 0 0 0 ;
+0+001+0+0+0 1 0 0 0 0 0 0 0 ;
01+0+0+0+0+0 0 1 0 0 0 0 0 0 ;
+0+0+0+0+0+0 0 1 0 0 0 0 0 0 ;
+0+0+0+0+0+0 0 1 0 0 0 0 0 0 ;
+0+0+0+0+0+0 0 1 0 0 0 0 0 0 ;
+0+0+0+0+0+0 0 1 0 0 0 0 0 0 ;
+0+0010101+0 0 1 0 0 0 0 0 0 ;
0101+0+001+0 0 1 0 0 0 0 0 0 ;
+0+0+0+0+0+0 0 1 0 0 0 0 0 0 ;
01+0+0+0+0+0 0 1 0 0 0 0 0 0 ;
01+0+0+0+001 0 1 0 0 0 0 0 0 ;
+0+0+001+0+0 0 1 0 0 0 0 0 0 ;
01+0+0+0+0+0 0 1 0 0 0 0 0 0 ;
01+0+0+0+0+0 0 1 0 0 0 0 0 0 ;
+0+0+0+0+0+0 0 1 0 0 0 0 0 0 ;
0101010101+0 0 1 0 0 0 0 0 0 ;
+00101010101 0 1 0 0 0 0 0 0 ;
+0+0+0+0+001 0 1 0 0 0 0 0 0 ;
+0+0+001+0+0 0 1 0 0 0 0 0 0 ;
+0+0+0+0+0+0 0 1 0 0 0 0 0 0 ;
+0+0+0+0+0+0 0 1 0 0 0 0 0 0 ;
+001010101+0 0 0 1 0 0 0 0 0 ;
+0+0+0+0+0+0 0 0 1 0 0 0 0 0 ;
+00101+00101 0 0 1 0 0 0 0 0 ;
01+0+001+001 0 0 0 1 0 0 0 0 ;
0101010101+0 0 0 0 1 0 0 0 0 ;
+0+0+001+0+0 0 0 0 1 0 0 0 0 ;
0101+0+00101 0 0 0 1 0 0 0 0 ;
010101010101 0 0 0 0 1 0 0 0 ;
+0+001+0+0+0 0 0 0 0 1 0 0 0 ;
+0+0+0+0+0+0 0 0 0 0 1 0 0 0 ;
+0+0+0+0+0+0 0 0 0 0 1 0 0 0 ;
+0+0+0+0+0+0 0 0 0 0 1 0 0 0 ;
01+001+0+0+0 0 0 0 0 1 0 0 0 ;
01010101+001 0 0 0 0 1 0 0 0 ;
+0+0+001+0+0 0 0 0 0 1 0 0 0 ;
+0+0+0+0+0+0 0 0 0 0 1 0 0 0 ;
01+0+0+001+0 0 0 0 0 1 0 0 0 ;
+001+0+0+0+0 0 0 0 0 1 0 0 0 ;
+0+0+0+0+0+0 0 0 0 0 1 0 0 0 ;
+0+0+0+0+0+0 0 0 0 0 1 0 0 0 ;
+0+0+0+0+001 0 0 0 0 1 0 0 0 ;
+0+0+0+0+0+0 0 0 0 0 1 0 0 0 ;
+0+001+0+0+0 0 0 0 0 1 0 0 0 ;
01+001+0+0+0 0 0 0 0 0 1 0 0 ;
01+0+0+0+001 0 0 0 0 0 1 0 0 ;
+001+0+001+0 0 0 0 0 0 1 0 0 ;
+0+0+0+00101 0 0 0 0 0 1 0 0 ;
+001+0+0+0+0 0 0 0 0 0 1 0 0 ;
+0+0+0+0+001 0 0 0 0 0 0 1 0 ;
+0+0+0010101 0 0 0 0 0 0 1 0 ;
+001+0+0+0+0 0 0 0 0 0 0 1 0 ;
+0+0+0+0+001 0 0 0 0 0 0 1 0 ;
+0+0+0+0+0+0 0 0 0 0 0 0 1 0 ;
+001+0+0+0+0 0 0 0 0 0 0 0 1 ;
+0+0+0+00101 0 0 0 0 0 0 0 1 ;
010101+0+0+0 0 0 0 0 0 0 0 1 ;
+0+0+0+0+0+0 0 0 0 0 0 0 0 1 ;
+0+0+0+00101 0 0 0 0 0 0 0 1 ;
+0+0+0+0+0+0 0 0 0 0 0 0 0 1 ;

Unmarked Seen Group=1;
8 9 17 13 13 12;
Unmarked Seen Group=2;
22 35 32 30 28 23;
Unmarked Seen Group=3;
1 3 3 3 1 3;
Unmarked Seen Group=4;
4 5 7 4 6 4;
Unmarked Seen Group=5;
17 9 17 8 12 13;
Unmarked Seen Group=6;
2 3 3 1 1 0;
Unmarked Seen Group=7;
1 3 2 0 0 3;
Unmarked Seen Group=8;
2 2 2 3 2 3;

Marked Unidentified Group=1;
0 0 0 0 0 0;
Marked Unidentified Group=2;
0 0 0 0 0 0;
Marked Unidentified Group=3;
0 0 0 0 0 0;
Marked Unidentified Group=4;
0 0 0 0 0 0;
Marked Unidentified Group=5;
0 0 0 0 0 0;
Marked Unidentified Group=6;
0 0 0 0 0 0;
Marked Unidentified Group=7;
0 0 0 0 0 0;
Marked Unidentified Group=8;
0 0 0 0 0 0;

Known Marks Group=1;
14 14 14 14 14 14;
Known Marks Group=2;
20 20 20 20 20 20;
Known Marks Group=3;
3 3 3 3 3 3;
Known Marks Group=4;
4 4 4 4 4 4;
Known Marks Group=5;
16 16 16 16 16 16;
Known Marks Group=6;
5 5 5 5 5 5;
Known Marks Group=7;
5 5 5 5 5 5;
Known Marks Group=8;
6 6 6 6 6 6;